diskused=19507089408
swapused=1504026624
memused=2101559296
rx=8.43086816720257
tx=2.83601286173633
