now=1433253120
tx=7087
rx=20595
ifaces=eth0
tx_max=2.83601286173633
rx_max=8.43086816720257
